---
source: blog
url: https://trends.google.com/trends/explore?date=today%205-y&q=hugging%20face&hl=en
topic: analyzing-hugging-face-datasets-with-clickhouse
ch_version_introduced: '1.220'
last_updated: '2026-06-12'
chunk_index: 10
total_chunks_in_doc: 19
---

trip-hop │ ▁▁ ▁▁▁▁▁▃▄▇▇█▇▆▆▅▆▅▄▄▃▃▂▂▂▁▁▁▁▁▁▁▁▁▁▁▁▁▁ │ │ turkish │ ▁▁▁▁▁▁▃▃▃▄▆█▇▇▅▆▅▅▅▄▂▂▂▂▁▁▁▁▁▁ ▁▁▁▁ ▁ ▁ │ │ world-music │ ▁▁▁▁▂▁▁▁▂▂▅▅▇█▅▇▅▆▄▄▃▃▂▃▂▂▂▂▁▂▁▁▁▁▁▁▁▁▁▁ │ └───────────────────┴──────────────────────────────────────────┘ 114 rows in set. Elapsed: 0.836 sec. Processed 39.00 thousand rows, 4.51 MB (46.64 thousand rows/s., 5.39 MB/s.) ```

We leave it to readers to extract insights on their favorite genre. As you might expect children's (kids/children) is generally quite short, but has more in common with the interesting genre of grindcore than you might initially think!

## Statistical Functions [\#](/blog/query-analyze-hugging-face-datasets-with-clickhouse#statistical-functions)

With a basic understanding of the properties and distribution of our data, we can now use ClickHouse to perform a deeper statistical analysis. ClickHouse supports additional [analytical functions to simplify queries](https://clickhouse.com/docs/en/sql-reference/aggregate-functions/reference) which otherwise might be quite complex. We explore some of these capabilities below.

### Correlations [\#](/blog/query-analyze-hugging-face-datasets-with-clickhouse#correlations)

Understanding how columns correlate in a dataset is a first step in any statistical analysis, providing the foundation of subsequent Machine Learning by assisting with tasks such as feature selection.

We have a number of correlation functions in ClickHouse to assist with this. Classically, a correlation matrix is a decent first attempt at understanding the linear relationships in the data. The corrMatrix function allows this to be achieved succinctly:

```
SELECT corrMatrix(tempo, danceability, energy, loudness, speechiness, acousticness, instrumentalness, liveness)
FROM spotify

┌─corrMatrix(tempo, danceability, energy, loudness, speechiness, acousticness, instrumentalness, liveness)───────────────────────────────────────────────────────────────────────────────────────────────────────────────────────────────────────────────────┐
│ [[1,-0.05044987143124536,0.24785050980263046,0.21244589657950352,0.017273223330482177,-0.20822414719632454,-0.05033040132787979,0.0005997673112923729],[-0.05044987143124536,1,0.1343254834689951,0.2590767331737369,0.10862608966979727,-0.17153333095375695,-0.185606249730123,-0.13161685668572762],[0.24785050980263046,0.1343254834689951,1,0.7616899598908039,0.14250886780871763,-0.7339063209686977,-0.18187921111248384,0.18479552229595278],[0.21244589657950352,0.2590767331737369,0.7616899598908039,1,0.060826328125056596,-0.5898026667486788,-0.4334768619919035,0.07689866201094041],[0.017273223330482177,0.10862608966979727,0.14250886780871763,0.060826328125056596,1,-0.0021863357894036767,-0.08961576482389075,0.20521905734843637],[-0.20822414719632454,-0.17153333095375695,-0.7339063209686977,-0.5898026667486788,-0.0021863357894036767,1,0.10402711936289526,-0.020700360822699642],[-0.05033040132787979,-0.185606249730123,-0.18187921111248384,-0.4334768619919035,-0.08961576482389075,0.10402711936289526,1,-0.07989258226234942],[0.0005997673112923729,-0.13161685668572762,0.18479552229595278,0.07689866201094041,0.20521905734843637,-0.020700360822699642,-0.07989258226234942,1]] │
└────────────────────────────────────────────────────────────────────────────────────────────────────────────────────────────────────────────────────────────────────────────────────────────────────────────────────────────────────────────────────────────┘

1 row in set. Elapsed: 0.844 sec. Processed 40.00 thousand rows, 4.53 MB (47.38 thousand rows/s., 5.37 MB/s.)

```

Ok, admittedly this is pretty hard to interpret! A little more SQL, using ClickHouse's array functions, is required for the nice grid most of us are used to.

```
WITH matrix AS
    (
        SELECT arrayJoin(arrayMap(x -> arrayPushFront(x.2, x.1), arrayZip(['tempo', 'danceability', 'energy', 'loudness', 'speechiness', 'acousticness', 'instrumentalness', 'liveness'], 
        arrayMap(row -> arrayMap(col -> round(col, 3), row),  corrMatrix(tempo, danceability, energy, loudness, speechiness, acousticness, instrumentalness, liveness))::Array(Array(String))))) AS matrix
        FROM spotify
    )
SELECT
    matrix[1] AS ` `,
    matrix[2] AS tempo,
    matrix[3] AS danceability,
    matrix[4] AS energy,
    matrix[5] AS loudness,
    matrix[6] AS speechiness,
    matrix[7] AS acousticness,
    matrix[8] AS instrumentalness,
    matrix[9] AS liveness
FROM matrix

```
